Architecture Monoplan: 13 couches cachées
========================================
[Hidden_1]
[ 0.2576, -0.2998, -0.2629,  0.3685, -0.3371, -0.2992, -0.3059, -0.2247,
 -0.3034, -0.3616, -0.2623]

[Hidden_2]
[ 0.2204, -0.2025, -0.2204,  0.2498, -0.2498, -0.2025, -0.2025, -0.2204,
 -0.2025, -0.2498,  0.3422,  0.6213]

[Hidden_3]
[ 0.1027, -0.1076, -0.1027,  0.1157, -0.1157, -0.1076, -0.1076, -0.1027,
 -0.1076, -0.1157,  0.2761,  0.2827,  0.8519]

[Hidden_4]
[-0.0984,  0.1046,  0.0984, -0.1059,  0.1059,  0.1046,  0.1046,  0.0984,
  0.1046,  0.1059, -0.4758, -0.3026,  0.4396,  0.6183]

[Hidden_5]
[-0.0403,  0.0571,  0.0403, -0.0579,  0.0579,  0.0571,  0.0571,  0.0403,
  0.0571,  0.0579, -0.3289, -0.0535,  0.1816,  0.3739,  0.8296]

[Hidden_6]
[ 0.1159, -0.1164, -0.1159,  0.1136, -0.1136, -0.1164, -0.1164, -0.1159,
 -0.1164, -0.1136, -0.1802, -0.0175,  0.6499,  0.1769,  0.2454,  0.5658]

[Hidden_7]
[ 0.0402, -0.0627, -0.0402,  0.0601, -0.0601, -0.0627, -0.0627, -0.0402,
 -0.0627, -0.0601,  0.0826,  0.0826,  0.1424, -0.0032,  0.2644,  0.3962,
  0.8413]

[Hidden_8]
[-0.0784,  0.0804,  0.0784, -0.096 ,  0.096 ,  0.0804,  0.0804,  0.0784,
  0.0804,  0.096 ,  0.0923,  0.094 ,  0.0955,  0.1365,  0.5955,  0.1157,
  0.2611,  0.6684]

[Hidden_9]
[-0.0707, -0.0031,  0.0707,  0.0721, -0.0721, -0.0031, -0.0031,  0.0707,
 -0.0031, -0.0721, -0.2249, -0.1389,  0.0129,  0.1506,  0.1736,  0.1658,
  0.5338,  0.3259,  0.6541]

[Hidden_10]
[ 0.2813, -0.0285, -0.2813, -0.1286,  0.1286, -0.0285, -0.0285, -0.2813,
 -0.0285,  0.1286, -0.4074, -0.1264,  0.0498,  0.0074,  0.1563,  0.1335,
  0.3249,  0.228 ,  0.4034,  0.4034]

[Hidden_11]
[ 0.0458, -0.0872, -0.0458,  0.0875, -0.0875, -0.0872, -0.0872, -0.0458,
 -0.0872, -0.0875,  0.122 ,  0.1221,  0.1221, -0.1219, -0.1214,  0.1236,
  0.1392,  0.0252,  0.5457,  0.4848,  0.5457]

[Hidden_12]
[-0.1305,  0.1063,  0.1305, -0.1063,  0.1063,  0.1063,  0.1063,  0.1305,
  0.1063,  0.1063, -0.0902, -0.0902, -0.0902,  0.0902,  0.0902, -0.0902,
 -0.0902,  0.1392,  0.4971,  0.4481,  0.314 ,  0.4971]

[Hidden_13]
[-0.0989,  0.0985,  0.0989, -0.0985,  0.0985,  0.0985,  0.0985,  0.0989,
  0.0985,  0.0985, -0.0756, -0.0727, -0.0727,  0.0781,  0.1058, -0.0727,
 -0.0727,  0.1365,  0.3665,  0.3658,  0.2941,  0.5925,  0.3665]

[Output]
[ 0.4634, -0.6328,  0.3964,  0.392 , -0.1891, -0.1188,  0.117 ,  0.0327,
 -0.0187,  0.0763, -0.0248, -0.0335, -0.0335, -0.0187]

